0 0.21328125 0.56484375 0.21875 0.16171875
0 0.1015625 0.49765625 0.171875 0.15078125
0 0.234375 0.4375 0.13515625 0.08359375
0 0.46640625 0.5859375 0.18203125 0.171875
0 0.63515625 0.67421875 0.22890625 0.140625
0 0.84609375 0.65078125 0.234375 0.1875
0 0.703125 0.54453125 0.13515625 0.11953125
0 0.578125 0.43515625 0.13515625 0.13046875
0 0.70078125 0.45546875 0.109375 0.08828125
0 0.82265625 0.46328125 0.14609375 0.11484375
0 0.78671875 0.38046875 0.10390625 0.0625
0 0.93984375 0.43203125 0.09921875 0.09375