0 0.24765625 0.71328125 0.09921875 0.15625
0 0.34921875 0.7578125 0.10390625 0.16171875
0 0.40390625 0.64609375 0.109375 0.13515625
0 0.296875 0.61171875 0.10390625 0.15078125
0 0.29921875 0.46875 0.08828125 0.14609375
0 0.39296875 0.54140625 0.109375 0.10390625
0 0.484375 0.46328125 0.11484375 0.11484375
0 0.5 0.5390625 0.09375 0.13046875
0 0.5234375 0.6484375 0.109375 0.109375
0 0.546875 0.79453125 0.10390625 0.171875
0 0.58828125 0.48203125 0.08359375 0.09921875
0 0.60703125 0.58828125 0.109375 0.09375
0 0.61484375 0.72421875 0.11484375 0.15625