0 0.04453125 0.67421875 0.06796875 0.109375
0 0.09921875 0.890625 0.11484375 0.14609375
0 0.15390625 0.73984375 0.15078125 0.15625
0 0.109375 0.57265625 0.09375 0.11484375
0 0.24453125 0.4765625 0.125 0.171875
0 0.30703125 0.2578125 0.13515625 0.16171875
0 0.359375 0.66953125 0.14609375 0.16171875
0 0.30234375 0.84609375 0.08359375 0.140625
0 0.42421875 0.83359375 0.09921875 0.13515625
0 0.49453125 0.69296875 0.15625 0.17734375
0 0.4453125 0.45546875 0.16171875 0.203125
0 0.40859375 0.14296875 0.11953125 0.13046875
0 0.54140625 0.25234375 0.125 0.171875
0 0.61953125 0.39296875 0.13515625 0.19296875
0 0.6484375 0.08828125 0.11953125 0.14609375
0 0.71875 0.23984375 0.11484375 0.16640625
0 0.85390625 0.36171875 0.13515625 0.18203125
0 0.9296875 0.5078125 0.08828125 0.11953125
0 0.66171875 0.64296875 0.16640625 0.234375
0 0.80703125 0.55703125 0.10390625 0.13515625
0 0.88515625 0.68984375 0.11484375 0.13046875
0 0.60390625 0.84140625 0.08359375 0.08828125
0 0.73984375 0.8671875 0.10390625 0.09921875