0 0.35703125 0.26328125 0.234375 0.27578125
0 0.16953125 0.5078125 0.265625 0.27578125
0 0.34921875 0.65390625 0.21875 0.296875
0 0.47890625 0.41640625 0.22890625 0.26015625
0 0.64609375 0.140625 0.25 0.26015625
0 0.18984375 0.91640625 0.19296875 0.14609375
0 0.55234375 0.7734375 0.20859375 0.27578125
0 0.71875 0.54921875 0.15625 0.22421875
0 0.83828125 0.421875 0.13515625 0.20859375
0 0.828125 0.79140625 0.17734375 0.25
0 0.86484375 0.65390625 0.16640625 0.21328125
0 0.88046875 0.15625 0.15625 0.22890625