0 0.22890625 0.65625 0.38515625 0.26015625
0 0.40859375 0.421875 0.33828125 0.20859375
0 0.28359375 0.21640625 0.28671875 0.234375
0 0.15859375 0.43203125 0.25546875 0.21875
0 0.11171875 0.8515625 0.203125 0.19296875
0 0.8515625 0.57265625 0.296875 0.23984375
0 0.734375 0.76328125 0.32265625 0.234375
0 0.41171875 0.890625 0.40625 0.21875
0 0.6953125 0.3203125 0.30703125 0.22421875
0 0.58828125 0.56796875 0.21875 0.20859375
0 0.54453125 0.18984375 0.28671875 0.234375
0 0.86953125 0.15078125 0.23984375 0.21875