0 0.25 0.2890625 0.0625 0.16171875
0 0.328125 0.41171875 0.09375 0.22890625
0 0.390625 0.46640625 0.11484375 0.265625
0 0.31484375 0.671875 0.109375 0.22890625
0 0.3671875 0.8671875 0.078125 0.18203125
0 0.52109375 0.6015625 0.10390625 0.265625
0 0.61953125 0.64296875 0.10390625 0.296875
0 0.6484375 0.37734375 0.109375 0.265625
0 0.5078125 0.37265625 0.11953125 0.25546875
0 0.546875 0.1484375 0.10390625 0.18203125
0 0.46640625 0.8359375 0.11953125 0.31796875
0 0.3359375 0.16171875 0.09921875 0.21875