0 0.078125 0.484375 0.125 0.16640625
0 0.1796875 0.43984375 0.09921875 0.15078125
0 0.16640625 0.6015625 0.14609375 0.15078125
0 0.078125 0.71640625 0.14609375 0.19296875
0 0.21328125 0.79140625 0.16640625 0.20859375
0 0.37265625 0.83046875 0.18203125 0.24453125
0 0.33828125 0.48203125 0.1875 0.19296875
0 0.45078125 0.3203125 0.21328125 0.22421875
0 0.6328125 0.44296875 0.203125 0.21875
0 0.63046875 0.27109375 0.16640625 0.16640625
0 0.44765625 0.19765625 0.14609375 0.16640625
0 0.56484375 0.79140625 0.18203125 0.15625
0 0.46875 0.92734375 0.21875 0.125
0 0.79921875 0.6171875 0.171875 0.18203125
0 0.7421875 0.78359375 0.203125 0.203125
0 0.68515625 0.9140625 0.171875 0.13046875
0 0.9296875 0.63515625 0.13046875 0.23984375
0 0.92421875 0.82578125 0.15078125 0.171875