0 0.13515625 0.27109375 0.125 0.15625
0 0.11953125 0.51796875 0.14609375 0.19296875
0 0.22890625 0.74453125 0.15625 0.21875
0 0.265625 0.34921875 0.125 0.16640625
0 0.3828125 0.51015625 0.140625 0.21875
0 0.29140625 0.14609375 0.10390625 0.17734375
0 0.41171875 0.25546875 0.10390625 0.16640625
0 0.484375 0.74453125 0.14609375 0.21875
0 0.53359375 0.37734375 0.109375 0.171875
0 0.64609375 0.52578125 0.13515625 0.20859375
0 0.75 0.7265625 0.14609375 0.234375
0 0.90625 0.5546875 0.15625 0.19296875
0 0.79140625 0.3984375 0.125 0.171875
0 0.546875 0.1328125 0.11484375 0.16171875
0 0.671875 0.23984375 0.10390625 0.1875
0 0.8046875 0.14609375 0.11953125 0.15625
0 0.90078125 0.26015625 0.10390625 0.17734375