0 0.35703125 0.16640625 0.171875 0.25
0 0.53359375 0.171875 0.13046875 0.22890625
0 0.7109375 0.16171875 0.140625 0.25
0 0.88828125 0.17421875 0.15078125 0.203125
0 0.109375 0.48671875 0.14609375 0.25546875
0 0.3125 0.48203125 0.16640625 0.25546875
0 0.51796875 0.48203125 0.16171875 0.24453125
0 0.71875 0.4765625 0.17734375 0.296875
0 0.90625 0.50546875 0.15625 0.22890625
0 0.15078125 0.82265625 0.16640625 0.23984375
0 0.33828125 0.84921875 0.13515625 0.19765625
0 0.51796875 0.828125 0.15078125 0.22890625
0 0.7109375 0.84921875 0.140625 0.1875
0 0.90078125 0.8359375 0.14609375 0.21328125