0 0.125 0.1953125 0.19765625 0.21328125
0 0.13828125 0.37734375 0.203125 0.28671875
0 0.25234375 0.59140625 0.203125 0.234375
0 0.09609375 0.7109375 0.171875 0.24453125
0 0.44765625 0.6875 0.22890625 0.27109375
0 0.265625 0.828125 0.22890625 0.26015625
0 0.41953125 0.92734375 0.22421875 0.11484375
0 0.77109375 0.78671875 0.23984375 0.27109375
0 0.6328125 0.72421875 0.21328125 0.26015625
0 0.68203125 0.4921875 0.26015625 0.31796875
0 0.90625 0.49765625 0.17734375 0.19296875
0 0.9140625 0.27578125 0.16171875 0.22890625
0 0.64609375 0.1953125 0.19765625 0.19296875
0 0.36484375 0.39296875 0.15625 0.265625
0 0.48671875 0.29921875 0.19296875 0.24453125
0 0.39609375 0.16953125 0.17734375 0.22421875