0 0.13828125 0.5390625 0.171875 0.234375
0 0.24765625 0.3515625 0.140625 0.21328125
0 0.32578125 0.4765625 0.203125 0.22421875
0 0.40625 0.57265625 0.16640625 0.22890625
0 0.24765625 0.72890625 0.18203125 0.22890625
0 0.40390625 0.78125 0.203125 0.22890625
0 0.60703125 0.64296875 0.19296875 0.24453125
0 0.59921875 0.8203125 0.17734375 0.15078125
0 0.5625 0.4375 0.15625 0.19765625
0 0.4140625 0.28671875 0.16171875 0.22890625
0 0.60390625 0.20546875 0.17734375 0.22421875
0 0.82265625 0.33046875 0.17734375 0.203125
0 0.70859375 0.4921875 0.17734375 0.19296875
0 0.87734375 0.52578125 0.15078125 0.16640625
0 0.81796875 0.65625 0.1875 0.20859375