0 0.21640625 0.14296875 0.13046875 0.22421875
0 0.23671875 0.37734375 0.11953125 0.203125
0 0.21640625 0.5703125 0.13046875 0.18203125
0 0.296875 0.63046875 0.13515625 0.23984375
0 0.33046875 0.46328125 0.140625 0.16640625
0 0.36953125 0.2734375 0.13515625 0.203125
0 0.13046875 0.78125 0.11484375 0.15625
0 0.078125 0.8671875 0.10390625 0.16171875
0 0.19296875 0.84140625 0.10390625 0.18203125
0 0.4765625 0.59375 0.109375 0.21875
0 0.5859375 0.54140625 0.13046875 0.19765625
0 0.51328125 0.23984375 0.13046875 0.22890625
0 0.5390625 0.08046875 0.11953125 0.140625
0 0.62265625 0.23203125 0.13046875 0.234375
0 0.6640625 0.08046875 0.11953125 0.140625
0 0.84375 0.6796875 0.10390625 0.18203125
0 0.88828125 0.52890625 0.09921875 0.16171875