0 0.08046875 0.45546875 0.11953125 0.19296875
0 0.08046875 0.66171875 0.109375 0.1875
0 0.20859375 0.40390625 0.14609375 0.21328125
0 0.2109375 0.56484375 0.140625 0.265625
0 0.33359375 0.68203125 0.14609375 0.25
0 0.37265625 0.24765625 0.13046875 0.171875
0 0.5234375 0.3984375 0.140625 0.27578125
0 0.50546875 0.61953125 0.16640625 0.23984375
0 0.57265625 0.72421875 0.125 0.23984375
0 0.67421875 0.234375 0.109375 0.14609375
0 0.65859375 0.40078125 0.16171875 0.21875
0 0.67734375 0.62265625 0.13515625 0.22421875
0 0.77890625 0.48203125 0.15078125 0.21328125
0 0.77890625 0.6875 0.15078125 0.25
0 0.9140625 0.20078125 0.140625 0.22421875
0 0.92421875 0.38046875 0.13046875 0.1875
0 0.92734375 0.59609375 0.13515625 0.203125