0 0.15859375 0.234375 0.19296875 0.23984375
0 0.20078125 0.43203125 0.171875 0.27109375
0 0.1875 0.59140625 0.17734375 0.203125
0 0.1640625 0.8203125 0.171875 0.25546875
0 0.38828125 0.47890625 0.18203125 0.27109375
0 0.38046875 0.7734375 0.1875 0.24453125
0 0.55703125 0.6015625 0.22890625 0.27578125
0 0.55703125 0.24453125 0.20859375 0.32265625
0 0.49765625 0.1796875 0.18203125 0.25546875
0 0.7578125 0.46328125 0.21328125 0.30234375
0 0.90078125 0.48984375 0.15625 0.32265625
0 0.703125 0.890625 0.1875 0.17734375
0 0.87734375 0.79453125 0.19296875 0.25546875