0 0.09140625 0.58046875 0.15078125 0.265625
0 0.13828125 0.77578125 0.18203125 0.22890625
0 0.078125 0.91640625 0.13515625 0.15625
0 0.2109375 0.890625 0.13046875 0.19765625
0 0.328125 0.703125 0.17734375 0.27109375
0 0.34921875 0.90625 0.17734375 0.17734375
0 0.23671875 0.57265625 0.15078125 0.28125
0 0.37734375 0.40078125 0.171875 0.27109375
0 0.22421875 0.1953125 0.14609375 0.265625
0 0.50546875 0.27109375 0.16640625 0.26015625
0 0.66953125 0.36953125 0.21328125 0.34375
0 0.49765625 0.58828125 0.19296875 0.29140625
0 0.53125 0.84140625 0.19765625 0.27578125
0 0.71640625 0.80703125 0.18203125 0.29140625
0 0.8828125 0.8046875 0.18203125 0.359375
0 0.83359375 0.51796875 0.17734375 0.328125
0 0.77109375 0.19765625 0.15625 0.26015625
0 0.90625 0.19765625 0.15625 0.28125