0 0.38046875 0.5 0.09375 0.15625
0 0.43203125 0.59921875 0.09375 0.14609375
0 0.46640625 0.703125 0.09921875 0.16640625
0 0.56484375 0.734375 0.11953125 0.14609375
0 0.54921875 0.60390625 0.109375 0.13515625
0 0.51015625 0.51015625 0.11484375 0.14609375
0 0.59140625 0.48984375 0.08828125 0.13515625
0 0.67734375 0.53125 0.11484375 0.16640625
0 0.76328125 0.7109375 0.13046875 0.19296875
0 0.84921875 0.671875 0.08359375 0.17734375
0 0.64609375 0.69765625 0.10390625 0.1875
0 0.51015625 0.3671875 0.11484375 0.140625