0 0.18515625 0.31796875 0.21328125 0.35390625
0 0.078125 0.65625 0.14609375 0.30234375
0 0.2734375 0.62734375 0.203125 0.31796875
0 0.125 0.90625 0.23984375 0.17734375
0 0.36953125 0.90078125 0.22890625 0.1875
0 0.61171875 0.90859375 0.234375 0.171875
0 0.8484375 0.9265625 0.209375 0.146875
0 0.49765625 0.65390625 0.21328125 0.296875
0 0.60703125 0.33828125 0.22421875 0.27109375
0 0.5 0.1015625 0.20859375 0.19296875
0 0.734375 0.09609375 0.22890625 0.171875
0 0.828125 0.33828125 0.22890625 0.34375
0 0.8984375 0.68515625 0.18203125 0.28671875
0 0.40078125 0.359375 0.22890625 0.35390625
0 0.71640625 0.6953125 0.21328125 0.359375