0 0.26328125 0.1953125 0.16171875 0.36953125
0 0.19296875 0.54140625 0.16640625 0.40625
0 0.359375 0.61171875 0.14609375 0.43203125
0 0.18984375 0.8515625 0.11953125 0.28671875
0 0.63828125 0.59375 0.171875 0.35390625
0 0.49765625 0.76328125 0.18203125 0.44296875
0 0.40078125 0.2734375 0.15625 0.36953125
0 0.5078125 0.3671875 0.13046875 0.38046875
0 0.61484375 0.25546875 0.13515625 0.33359375
0 0.73984375 0.1640625 0.17734375 0.30703125
0 0.80234375 0.54453125 0.15625 0.390625
0 0.79140625 0.83828125 0.16640625 0.28125
0 0.953125 0.34921875 0.09375 0.46875
0 0.921875 0.71875 0.13515625 0.41640625