0 0.12734375 0.5625 0.18203125 0.27109375
0 0.1015625 0.2578125 0.16171875 0.25546875
0 0.25234375 0.39609375 0.171875 0.27109375
0 0.40390625 0.1328125 0.19296875 0.234375
0 0.39296875 0.4140625 0.140625 0.27578125
0 0.265625 0.6796875 0.17734375 0.31796875
0 0.184375 0.8875 0.19375 0.225
0 0.3671875 0.8984375 0.171875 0.19296875
0 0.42421875 0.68515625 0.16171875 0.24453125
0 0.5859375 0.609375 0.171875 0.27109375
0 0.63828125 0.76328125 0.18203125 0.25546875
0 0.5390625 0.3671875 0.171875 0.30703125
0 0.70546875 0.36171875 0.171875 0.328125
0 0.59140625 0.12265625 0.16171875 0.21328125
0 0.79453125 0.1328125 0.21328125 0.234375
0 0.87734375 0.390625 0.16171875 0.25
0 0.890625 0.640625 0.1875 0.30234375
0 0.765625 0.6484375 0.14609375 0.296875