0 0.22421875 0.24453125 0.3125 0.22890625
0 0.52578125 0.47109375 0.35390625 0.234375
0 0.21640625 0.54140625 0.31796875 0.20859375
0 0.2734375 0.74765625 0.34921875 0.22421875
0 0.6328125 0.70078125 0.359375 0.203125
0 0.21875 0.92421875 0.30234375 0.140625
0 0.57578125 0.890625 0.30703125 0.16640625
0 0.715625 0.9265625 0.30625 0.146875
0 0.8671875 0.640625 0.25546875 0.23984375
0 0.68515625 0.24453125 0.296875 0.22890625
0 0.45546875 0.1640625 0.31796875 0.15078125
0 0.85703125 0.0859375 0.27578125 0.15078125
0 0.8984375 0.265625 0.19296875 0.1875