0 0.09921875 0.29453125 0.14609375 0.18203125
0 0.109375 0.4609375 0.13515625 0.19296875
0 0.23203125 0.61171875 0.13046875 0.18203125
0 0.06015625 0.79453125 0.09921875 0.19296875
0 0.1875 0.81484375 0.13515625 0.18203125
0 0.3828125 0.83828125 0.140625 0.17734375
0 0.55703125 0.67421875 0.14609375 0.21328125
0 0.6640625 0.38515625 0.13046875 0.22890625
0 0.44296875 0.51015625 0.14609375 0.20859375
0 0.38515625 0.33359375 0.13515625 0.20859375
0 0.2578125 0.2890625 0.11953125 0.19296875
0 0.70078125 0.640625 0.140625 0.21875
0 0.8515625 0.54453125 0.13046875 0.21328125
0 0.65078125 0.87265625 0.13515625 0.19296875
0 0.80234375 0.35390625 0.14609375 0.20859375
0 0.83828125 0.16640625 0.11484375 0.20859375
0 0.5859375 0.21328125 0.15078125 0.27109375
0 0.46640625 0.15390625 0.13046875 0.21328125