0 0.2578125 0.6171875 0.328125 0.19296875
0 0.328125 0.77109375 0.34375 0.15625
0 0.3671875 0.94296875 0.28671875 0.10390625
0 0.625 0.86484375 0.29140625 0.14609375
0 0.82265625 0.734375 0.26015625 0.16640625
0 0.87265625 0.89609375 0.24453125 0.16640625
0 0.55234375 0.640625 0.30234375 0.17734375
0 0.69296875 0.5234375 0.29140625 0.13046875
0 0.90859375 0.57265625 0.171875 0.13515625
0 0.40390625 0.50546875 0.28671875 0.15625
0 0.21328125 0.41953125 0.34375 0.16171875
0 0.45078125 0.37265625 0.24453125 0.171875
0 0.71328125 0.37265625 0.28125 0.140625
0 0.69296875 0.24765625 0.28125 0.16171875
0 0.38046875 0.234375 0.29140625 0.14609375
0 0.1328125 0.27578125 0.234375 0.15625
0 0.24765625 0.13046875 0.30703125 0.15625
0 0.56796875 0.13046875 0.27109375 0.13515625
0 0.81484375 0.09375 0.21328125 0.125
0 0.90625 0.1796875 0.17734375 0.13046875