0 0.45546875 0.15078125 0.11953125 0.20859375
0 0.2421875 0.22109375 0.13046875 0.203125
0 0.06484375 0.4921875 0.11953125 0.24453125
0 0.08828125 0.375 0.14609375 0.22890625
0 0.23671875 0.43984375 0.140625 0.22421875
0 0.140625 0.78671875 0.17734375 0.28125
0 0.26015625 0.6171875 0.16640625 0.234375
0 0.31796875 0.875 0.14609375 0.22890625
0 0.37265625 0.45078125 0.11953125 0.19296875
0 0.5078125 0.5234375 0.171875 0.24453125
0 0.40390625 0.76796875 0.18203125 0.234375
0 0.50234375 0.91171875 0.19296875 0.16640625
0 0.54453125 0.7265625 0.15078125 0.21328125
0 0.69765625 0.65625 0.16640625 0.26015625
0 0.79453125 0.42421875 0.15078125 0.24453125
0 0.64609375 0.38046875 0.16640625 0.25
0 0.68984375 0.2265625 0.140625 0.18203125
0 0.796875 0.08828125 0.14609375 0.16640625
0 0.91640625 0.34921875 0.15625 0.19765625
0 0.8515625 0.62734375 0.16171875 0.24453125
0 0.81484375 0.890625 0.171875 0.1875
0 0.92734375 0.82578125 0.13515625 0.22421875